Proportion Mature at Year Start
1 6
1986 2009
0 7
1
 0    0.55  0.86  0.97  0.99  1.00  1.00  1.00
 0    0.55  0.86  0.97  0.99  1.00  1.00  1.00
 0    0.55  0.86  0.97  0.99  1.00  1.00  1.00
 0    0.55  0.86  0.97  0.99  1.00  1.00  1.00
 0    0.55  0.86  0.97  0.99  1.00  1.00  1.00
 0    0.55  0.86  0.97  0.99  1.00  1.00  1.00
 0    0.55  0.86  0.97  0.99  1.00  1.00  1.00
 0    0.55  0.86  0.97  0.99  1.00  1.00  1.00
 0    0.55  0.86  0.97  0.99  1.00  1.00  1.00
 0    0.55  0.86  0.97  0.99  1.00  1.00  1.00
 0    0.55  0.86  0.97  0.99  1.00  1.00  1.00
 0    0.55  0.86  0.97  0.99  1.00  1.00  1.00
 0    0.55  0.86  0.97  0.99  1.00  1.00  1.00
 0    0.55  0.86  0.97  0.99  1.00  1.00  1.00
 0    0.55  0.86  0.97  0.99  1.00  1.00  1.00
 0    0.55  0.86  0.97  0.99  1.00  1.00  1.00
 0    0.55  0.86  0.97  0.99  1.00  1.00  1.00
 0    0.55  0.86  0.97  0.99  1.00  1.00  1.00
 0    0.55  0.86  0.97  0.99  1.00  1.00  1.00
 0    0.55  0.86  0.97  0.99  1.00  1.00  1.00
 0    0.55  0.86  0.97  0.99  1.00  1.00  1.00
 0    0.55  0.86  0.97  0.99  1.00  1.00  1.00
 0    0.55  0.86  0.97  0.99  1.00  1.00  1.00
 0    0.55  0.86  0.97  0.99  1.00  1.00  1.00