Catch	in	Numbers	(thousands)				
1	2						
1986	2009					
0	7						
1							
0	110	3475	3690	3940	1132	849	229
0	2283	11580	5073	3593	1344	569	141
0	1525	10092	5455	4779	2366	1161	463
0	733	7140	5392	5909	3479	1778	630
0	1444	5184	1885	3829	2311	1383	803
0	1160	3679	3328	1911	2650	1028	479
0	846	2667	4000	5179	2200	738	67
0	546	2334	2096	3799	1151	635	278
0	83	2915	4515	2268	1612	839	446
0	1421	2205	6138	5596	1056	582	280
0	397	2136	1267	3814	1896	204	551
0	35	1244	2870	744	1624	1066	443
0	45	1204	4236	2940	698	829	349
0	38	1161	2781	3908	1402	235	488
0	45	655	1645	2782	1849	785	838
0	167	1138	1251	2393	1870	937	357
0	190	2389	2361	743	387	236	359
0	367	2802	2873	1476	499	447	142
0	392	2515	3084	2439	1128	279	337
0       123     2522    2995    1841    1370    779     393
0       34      2735    4506    2153    988     252     219 
0	9	1606	2633	2600	1865	848	460
0	15	1561	3495	2152	993	351	295
0	21	646	2917	4160	1611	633	222
