Four	spot	megrim	(L.	boscii)	in	Divisions	VIIIc	and	IXa
102									
SP-CORUTR8c
1986	1999
1	1	0	1
3	7								
39.8	2096	2554	763	525	113
34.7	2329	1493	592	270	83
42.2	1494	1523	860	448	192
44.4	840	1145	894	519	215
44.4	506	1457	877	611	322
40.4	1015	651	1323	559	285
38.9	775	1302	816	302	18
44.5	725	1679	627	345	122
39.6	592	482	444	247	132
41.5	1009	1039	310	187	81
35.7	104	678	405	61	157
35.2	342	123	439	385	181
32.6	1038	864	243	314	153
30.2	579	914	456	90	123
SP-GFS								
1988	2009							
1	1	0.75	0.83					
0	7							
1	2.9	24.64	20.62	7.33	1.9	1.15	0.4	0.27
1	8.49	16.68	8.36	3.64	2.1	1.06	0.33	0.09
1	0.44	19.06	12.99	2.23	2.84	1.58	0.74	0.36
1	2.53	9.25	9.31	3.66	1.62	1.04	0.21	0.08
1	2.37	35	4.07	4.15	2.1	0.98	0.39	0.04
1	0.3	21.38	16.74	2.27	1.55	0.53	0.36	0.17
1	3.48	2.94	11.17	6.3	1.45	0.72	0.45	0.37
1	1.92	19.58	2.42	4.4	3.19	0.34	0.22	0.2
1	3.57	20.56	14.37	1.43	1.9	2.37	0.27	0.33
1	3.54	13.34	14.03	8.73	1.13	1.5	0.97	0.32
1	0.27	9.57	9.98	9.17	3.57	0.69	0.83	0.33
1	0.94	7.46	10.87	5.96	2.93	0.95	0.17	0.34
1	1.07	13.96	5.4	5.19	4.14	1.7	0.62	0.91
1	0.59	16.95	12.68	4.65	3.8	2.24	1.03	0.66
1	1.04	9.95	12.74	7.37	1.83	0.68	0.35	0.57
0	0.65	4.95	4.09	4.07	1.71	0.65	0.47	0.32
1	1.19	21.1	11.3	6.14	2.68	0.82	0.22	0.48
1       4.71    17.70   22.38   11.15   4.02    1.58    0.62    0.72
1       0.59    14.70   13.29   8.23    2.51    0.98    0.54    0.63
1	0.88	11.30	21.33	10.24	4.92	1.42	0.75	0.32
1       0.37    8.13    11.70   7.90    2.56    0.75    0.51    0.33
1	3.37	7.42	13.65	14.12	9.59	3.11	1.06	0.51
