Natural Mortality
1 5
1986 2009
0 7
1
 0.2    0.2   0.2   0.2   0.2   0.2   0.2   0.2
 0.2    0.2   0.2   0.2   0.2   0.2   0.2   0.2
 0.2    0.2   0.2   0.2   0.2   0.2   0.2   0.2
 0.2    0.2   0.2   0.2   0.2   0.2   0.2   0.2
 0.2    0.2   0.2   0.2   0.2   0.2   0.2   0.2
 0.2    0.2   0.2   0.2   0.2   0.2   0.2   0.2
 0.2    0.2   0.2   0.2   0.2   0.2   0.2   0.2
 0.2    0.2   0.2   0.2   0.2   0.2   0.2   0.2
 0.2    0.2   0.2   0.2   0.2   0.2   0.2   0.2
 0.2    0.2   0.2   0.2   0.2   0.2   0.2   0.2
 0.2    0.2   0.2   0.2   0.2   0.2   0.2   0.2
 0.2    0.2   0.2   0.2   0.2   0.2   0.2   0.2
 0.2    0.2   0.2   0.2   0.2   0.2   0.2   0.2
 0.2    0.2   0.2   0.2   0.2   0.2   0.2   0.2
 0.2    0.2   0.2   0.2   0.2   0.2   0.2   0.2
 0.2    0.2   0.2   0.2   0.2   0.2   0.2   0.2
 0.2    0.2   0.2   0.2   0.2   0.2   0.2   0.2
 0.2    0.2   0.2   0.2   0.2   0.2   0.2   0.2
 0.2    0.2   0.2   0.2   0.2   0.2   0.2   0.2 
 0.2    0.2   0.2   0.2   0.2   0.2   0.2   0.2
 0.2    0.2   0.2   0.2   0.2   0.2   0.2   0.2
 0.2    0.2   0.2   0.2   0.2   0.2   0.2   0.2
 0.2    0.2   0.2   0.2   0.2   0.2   0.2   0.2
 0.2    0.2   0.2   0.2   0.2   0.2   0.2   0.2