Mean	Weight	in	Stock	(kilograms)		
1	4					
1986	2009				
1	7					
1						
0.045	0.102	0.121	0.164	0.216	0.316	0.477
0.049	0.084	0.092	0.143	0.176	0.314	0.415
0.045	0.09	0.103	0.15	0.191	0.29	0.424
0.051	0.102	0.122	0.164	0.224	0.293	0.52
0.041	0.098	0.129	0.166	0.207	0.241	0.369
0.039	0.091	0.108	0.146	0.173	0.252	0.42
0.034	0.095	0.125	0.155	0.209	0.321	0.534
0.036	0.08	0.117	0.147	0.195	0.237	0.538
0.046	0.069	0.1	0.13	0.15	0.19	0.344
0.06	0.071	0.102	0.127	0.165	0.212	0.34
0.054	0.088	0.121	0.128	0.164	0.211	0.354
0.056	0.083	0.102	0.126	0.141	0.199	0.341
0.046	0.07	0.099	0.13	0.155	0.189	0.324
0.056	0.07	0.089	0.119	0.16	0.216	0.296
0.056	0.072	0.094	0.121	0.161	0.215	0.296
0.058	0.085	0.088	0.118	0.148	0.172	0.256
0.058	0.082	0.115	0.119	0.162	0.206	0.388
0.056	0.089	0.116	0.15	0.194	0.252	0.382
0.062	0.085	0.109	0.130	0.157	0.204	0.320
0.0610	0.0798	0.1105	0.1426	0.1647	0.1994	0.3801
0.0633  0.0917  0.1228  0.1589  0.1816  0.2280  0.3925
0.0652	0.0884	0.1095	0.1440	0.1971	0.2360	0.3657
0.0587	0.0915	0.1190	0.1467	0.1880	0.2465	0.4091
0.0648	0.0906	0.1345	0.1603	0.1881	0.2492	0.4080