Megrim	(L.	whiffiagonis)	in	Divisions	VIIIc	and	IXa	(WG-2008)
103								
SP-CORUTR8c
1990	2009							
1	1	0	1					
2	7								
44.4	357	216	361	153	161	162	
40.4	436	190	241	250	61	22	
38.9	92	259	562	355	46	39	
44.5	189	91	219	168	43	7	
39.6	14	208	114	167	119	25	
41.5	13.4	63.7	139.4	50.2	13.8	9.4	
35.7	246.8	9.6	66.2	130.5	39	20.6
35.2	114.8	175.2	17.4	89.4	83.2	28.6
32.6	49.7	138.4	172.2	48.8	100.7	45.4
30.2	23.8	122.2	128.4	105.8	29.4	59.1
30.1	16.6	110.8	152.8	146.3	37	43.3
29.9	54.7	55	66	71	57.6	40.4
21.8	23	78.3	21.7	59.1	31.1	12.3
18.5	27.8	28.8	29	17.6	14.4	12.3
21.1	15.8	17.9	27.0	25.5	19.0	17.8
20.7	17.3	38.4	17.6	18.7	11.6	7.8	
19.26   22.39   30.94   21.83   16.55   11.89   4.77
21.20	24.83	28.02	35.88	21.65	12.89	10.38
20.21   28.66   26.52   19.59   21.34   7.18    4.94
16.16	19.39	25.45	14.27	9.93	6.62	3.19
SP-AVILESTR
1990	2003					
1	1	0	1				
2	7						
8.5	684	162	125	33	36	51
7.7	583	156	68	57	10	5
0	0	0	0	0	0	0
7.6	538	33	36	19	9	7
9.6	148	461	114	112	43	20
6.1	1.2	22.1	71.8	35.8	13.3	7.4
4.5	316.6	6.3	47.2	89.6	28.1	23.2
4.7	381.4	269.2	14.8	66.5	55.4	20.1
5.4	187.3	227.6	141.5	31.5	42.2	23.1
6.8	71.9	260.5	172.2	106.2	24.9	45.7
4.5	21.2	93.3	89.7	57.1	14	20.6
1.8	43	41.4	26.2	24.8	18	18.3
2.7	36.2	54.8	14.8	21.3	12.3	10.8
2.5	19.2	23.9	16	7.1	5.5	6.4
SP-GFS						
1990	2009					
1	1	0.75	0.83				
1	7						
1	9.13	7.69	3.04	3.61	1.26	1.36	1.57
1	1.38	3.23	1.45	1.84	0.87	0.23	0.03
1	12.03	1.07	1.57	2.24	1.14	0.21	0.15
1	2.76	8.79	0.66	1.69	0.85	0.17	0.01
1	0.05	0.65	4.24	1.3	0.71	0.27	0.04
1	7.38	0.2	0.55	1.65	0.7	0.17	0.1
1	11.26	6.45	0.25	1.03	1	0.35	0.27
1	5.91	7.54	3.44	0.46	0.99	0.39	0.06
1	2.56	4.3	4.33	2.08	0.41	0.6	0.15
1	1.26	4.47	4.36	2.5	1.46	0.46	0.77
1	6.92	2.46	2.84	3.42	2.14	0.7	0.39
1	1.97	4.6	1.14	2.31	1.58	0.61	0.4
1	2.53	3.15	3.74	0.44	1.38	0.51	0.29
1	1.91	1.44	1.66	1.14	0.52	0.26	0.16
1	1.83	1.94	1.31	1.30	0.80	0.66	0.46
1	2.21	1.58	2.04	1.43	1.57	0.60	0.25
1       0.89    1.40    1.57    0.82    0.88    0.61    0.22
1	1.87	0.94	1.27	1.24	0.68	0.44	0.42
1       0.23    1.54    1.23    0.56    0.51    0.18    0.08
1	0.20	0.44	1.52	0.91	0.40	0.30	0.22

