Proportion Mature at Year Start
1 6
1986 2009
1 7
1
  0.34  0.90  1.00  1.00  1.00  1.00  1.00
  0.34  0.90  1.00  1.00  1.00  1.00  1.00
  0.34  0.90  1.00  1.00  1.00  1.00  1.00
  0.34  0.90  1.00  1.00  1.00  1.00  1.00
  0.34  0.90  1.00  1.00  1.00  1.00  1.00
  0.34  0.90  1.00  1.00  1.00  1.00  1.00
  0.34  0.90  1.00  1.00  1.00  1.00  1.00
  0.34  0.90  1.00  1.00  1.00  1.00  1.00
  0.34  0.90  1.00  1.00  1.00  1.00  1.00
  0.34  0.90  1.00  1.00  1.00  1.00  1.00
  0.34  0.90  1.00  1.00  1.00  1.00  1.00
  0.34  0.90  1.00  1.00  1.00  1.00  1.00
  0.34  0.90  1.00  1.00  1.00  1.00  1.00
  0.34  0.90  1.00  1.00  1.00  1.00  1.00
  0.34  0.90  1.00  1.00  1.00  1.00  1.00
  0.34  0.90  1.00  1.00  1.00  1.00  1.00
  0.34  0.90  1.00  1.00  1.00  1.00  1.00
  0.34  0.90  1.00  1.00  1.00  1.00  1.00
  0.34  0.90  1.00  1.00  1.00  1.00  1.00
  0.34  0.90  1.00  1.00  1.00  1.00  1.00
  0.34  0.90  1.00  1.00  1.00  1.00  1.00
  0.34  0.90  1.00  1.00  1.00  1.00  1.00
  0.34  0.90  1.00  1.00  1.00  1.00  1.00
  0.34  0.90  1.00  1.00  1.00  1.00  1.00