Proportion of M before Spawning
1 8
1986 2009
1 7
1
    0    0    0    0    0    0    0
    0    0    0    0    0    0    0
    0    0    0    0    0    0    0
    0    0    0    0    0    0    0
    0    0    0    0    0    0    0
    0    0    0    0    0    0    0
    0    0    0    0    0    0    0
    0    0    0    0    0    0    0
    0    0    0    0    0    0    0
    0    0    0    0    0    0    0
    0    0    0    0    0    0    0
    0    0    0    0    0    0    0
    0    0    0    0    0    0    0
    0    0    0    0    0    0    0
    0    0    0    0    0    0    0
    0    0    0    0    0    0    0
    0    0    0    0    0    0    0
    0    0    0    0    0    0    0
    0    0    0    0    0    0    0
    0    0    0    0    0    0    0
    0    0    0    0    0    0    0
    0    0    0    0    0    0    0
    0    0    0    0    0    0    0
    0    0    0    0    0    0    0